1400.0 10.0 1750.0 0.0 0.0 0.0 0 //壁奥
-50.0 -150.0 -730.0 0.0 0.0 0.0 1 //壁左
1800.0 180.0 -330.0 0.0 0.0 0.0 2 //家
1200.0 180.0 -130.0 0.0 0.0 0.0 2 //家
400.0 0.0 -750.0 0.0 0.0 0.0 3 //床１
2000.00.0 -750.0 0.0 0.0 0.0 4 //床2
3700.0 -100.0 -750.0 0.0 0.0 0.0 5 //地下の床
100.0 380.0 -750.0 0.0 0.0 0.0 6 //斜めかご
150.0 380.0 -750.0 0.0 0.0 0.0 6 //斜めかご
220.0 420.0 -320.0 90.0 0.0 90.0 7 //机
40.0 380.0 -470.0 0.0 0.0 0.0 8  //オブジェクト
350.0 390.0 -350.0 0.0 0.0 0.0 9  //机４
30.0 380.0 -590.0 0.0 0.0 0.0 10 //ikaたち
330.0 380.0 -590.0 0.0 0.0 0.0 11 //机
830.0 380.0 -690.0 0.0 0.0 0.0 12 //柵
830.0 380.0 -450.0 0.0 0.0 0.0 12 //柵
470.0 380.0 -590.0 0.0 0.0 0.0 13 //箱正方形
700.0 380.0 -420.0 0.0 0.0 0.0 13 //箱正方形
700.0 430.0 -420.0 0.0 0.0 0.0 14 //箱長方形
550.0 380.0 -450.0 0.0 0.0 0.0 6 //斜めかご
750.0 380.0 -650.0 0.0 0.0 0.0 6 //斜めかご
750.0 380.0 -590.0 0.0 0.0 0.0 14 //箱長方形
750.0 380.0 -690.0 0.0 0.0 0.0 14 //箱長方形
1650.0 180.0 -690.0 0.0 0.0 0.0 14 //箱長方形
1350.0 180.0 -690.0 0.0 0.0 0.0 14 //箱長方形
1072.0 205.0 -470.0 0.0 0.0 0.0 8  //オブジェクト
1330.0 230.0 -570.0 0.0 0.0 0.0 11 //机
1450.0 200.0 -350.0 0.0 0.0 0.0 9  //机４
1550.0 260.0 -580.0 0.0 0.0 0.0 13 //箱正方形
2200.0 200.0 -380.0 0.0 0.0 0.0 16 //注意看板
3300.0 50.0 -580.0 0.0 0.0 0.0 15 //パイプ
3700.0 50.0 -580.0 0.0 0.0 0.0 15 //パイプ
3300.0 150.0 -580.0 0.0 0.0 0.0 17 //パイプ
3700.0 150.0 -580.0 0.0 0.0 0.0 17 //パイプ
3600.0 150.0 -580.0 0.0 0.0 0.0 17 //パイプ
3800.0 150.0 -580.0 0.0 0.0 0.0 17 //パイプ
3770.0 280.0 -580.0 0.0 0.0 0.0 15 //パイプ
4000.0 200.0 -580.0 0.0 0.0 0.0 17 //パイプ
3900.0 250.0 -580.0 0.0 0.0 0.0 17 //パイプ
3500.0 100.0 -580.0 0.0 0.0 0.0 17 //パイプ
3900.0 50.0 -580.0 0.0 0.0 0.0 18 //パイプ
4020.0 150.0 -580.0 0.0 0.0 0.0 15 //パイプ
4100.0 180.0 -580.0 0.0 0.0 0.0 18 //パイプ
4100.0 280.0 -580.0 0.0 0.0 0.0 18 //パイプ
3920.0 380.0 -580.0 0.0 0.0 0.0 17 //パイプ
4200.0 380.0 -580.0 0.0 0.0 0.0 17 //パイプ
3820.0 330.0 -580.0 0.0 0.0 0.0 17 //パイプ
4000.0 50.0 -580.0 0.0 0.0 0.0 19 //パイプ
-50.0 10.0 -730.0 0.0 0.0 0.0 1 //壁左
1800.0 180.0 -330.0 0.0 0.0 0.0 2 //家
400.0 0.0 150.0 0.0 0.0 0.0 3 //床１
2000.00.0 150.0 0.0 0.0 0.0 4 //床2
3700.0 -100.0 150.0 0.0 0.0 0.0 5 //地下の床
100.0 380.0 -750.0 0.0 0.0 0.0 6 //斜めかご
150.0 380.0 -750.0 0.0 0.0 0.0 6 //斜めかご
220.0 420.0 -320.0 90.0 0.0 90.0 7 //机
40.0 380.0 -170.0 0.0 0.0 0.0 8  //オブジェクト
350.0 390.0 -350.0 0.0 0.0 0.0 9  //机４
30.0 380.0 -590.0 0.0 0.0 0.0 10 //ikaたち
630.0 380.0 -190.0 0.0 0.0 0.0 11 //机
830.0 380.0 -690.0 0.0 0.0 0.0 12 //柵
830.0 380.0 -450.0 0.0 0.0 0.0 12 //柵
570.0 380.0 -590.0 0.0 0.0 0.0 13 //箱正方形
700.0 380.0 -420.0 0.0 0.0 0.0 13 //箱正方形
700.0 430.0 -420.0 0.0 0.0 0.0 14 //箱長方形
850.0 380.0 -250.0 0.0 0.0 0.0 6 //斜めかご
350.0 380.0 -150.0 0.0 0.0 0.0 6 //斜めかご
250.0 380.0 -350.0 0.0 0.0 0.0 6 //斜めかご
450.0 380.0 -250.0 0.0 0.0 0.0 6 //斜めかご
650.0 380.0 -450.0 0.0 0.0 0.0 6 //斜めかご
550.0 380.0 -50.0 0.0 0.0 0.0 6 //斜めかご
750.0 380.0 -590.0 0.0 0.0 0.0 14 //箱長方形
1072.0 205.0 -470.0 0.0 0.0 0.0 8  //オブジェクト
1330.0 230.0 -570.0 0.0 0.0 0.0 11 //机
1450.0 200.0 -350.0 0.0 0.0 0.0 9  //机４
1550.0 260.0 -580.0 0.0 0.0 0.0 13 //箱正方形
2200.0 200.0 -380.0 0.0 0.0 0.0 16 //注意看板
3300.0 50.0 -580.0 0.0 0.0 0.0 15 //パイプ
3700.0 50.0 -580.0 0.0 0.0 0.0 15 //パイプ
3300.0 150.0 -580.0 0.0 0.0 0.0 17 //パイプ
3700.0 150.0 -580.0 0.0 0.0 0.0 17 //パイプ
3600.0 150.0 -580.0 0.0 0.0 0.0 17 //パイプ
3800.0 150.0 -580.0 0.0 0.0 0.0 17 //パイプ
3770.0 280.0 -580.0 0.0 0.0 0.0 15 //パイプ
4000.0 200.0 -580.0 0.0 0.0 0.0 17 //パイプ
3900.0 250.0 -580.0 0.0 0.0 0.0 17 //パイプ
3500.0 100.0 -580.0 0.0 0.0 0.0 17 //パイプ
3900.0 50.0 -580.0 0.0 0.0 0.0 18 //パイプ
4020.0 150.0 -580.0 0.0 0.0 0.0 15 //パイプ
4100.0 180.0 -580.0 0.0 0.0 0.0 18 //パイプ
4100.0 280.0 -580.0 0.0 0.0 0.0 18 //パイプ
3920.0 380.0 -580.0 0.0 0.0 0.0 17 //パイプ
4200.0 380.0 -580.0 0.0 0.0 0.0 17 //パイプ
3820.0 330.0 -580.0 0.0 0.0 0.0 17 //パイプ
4000.0 50.0 -580.0 0.0 0.0 0.0 19 //パイプ
4450.0 35.0 -580.0 0.0 0.0 0.0 20 //パイ
2030.0 200.0 -330.0 0.0 0.0 0.0 21 //花壇
2030.0 200.0 -730.0 0.0 0.0 0.0 21 //花壇
1900.0 200.0 -730.0 0.0 0.0 0.0 21 //花壇
2500.0 200.0 -200.0 0.0 0.0 0.0 22 //トンネル
